           1      100000       10000   12.3585386       3.09944153E-04   3.31525803E-02
           1      100000       10000   12.3557129       3.13758850E-04   3.76653671E-02
           1      100000       10000   12.3443050       3.06129456E-04   3.91321182E-02
           1      100000       10000   12.3484402       3.12805176E-04   3.78217697E-02
           1      100000       10000   12.3595934       3.01361084E-04   3.73182297E-02
           2      100000       10000   6.18504143       6.23703003E-04   3.59325409E-02
           2      100000       10000   6.18139648       6.73294067E-04   3.51352692E-02
           2      100000       10000   6.18528605       8.72564316E-03   3.59187126E-02
           2      100000       10000   6.18155193       1.71995163E-03   3.63702774E-02
           2      100000       10000   6.18531609       6.22749329E-04   3.64537239E-02
           3      100000       10000   4.11260319       4.12607193E-03   3.61490250E-02
           3      100000       10000   4.11568975       9.14573669E-04   3.54771614E-02
           3      100000       10000   4.11756039       9.85622406E-04   3.80516052E-02
           3      100000       10000   4.11158466       1.60260201E-02   3.66191864E-02
           3      100000       10000   4.11800575       7.76147842E-03   3.74531746E-02
           4      100000       10000   3.08582258       2.45380402E-03   3.54351997E-02
           4      100000       10000   3.08783460       9.47952271E-04   3.60248089E-02
           4      100000       10000   3.08565831       1.97339058E-03   3.59790325E-02
           4      100000       10000   3.08401680       3.46827507E-03   3.75666618E-02
           4      100000       10000   3.08618665       3.73673439E-03   3.61709595E-02
           5      100000       10000   2.46946740       2.06160545E-03   3.65064144E-02
           5      100000       10000   2.46975303       1.23620033E-03   3.59325409E-02
           5      100000       10000   2.46920085       3.76534462E-03   3.68754864E-02
           5      100000       10000   2.46899509       2.80427933E-03   3.57401371E-02
           5      100000       10000   2.47045183       1.10459328E-03   3.63306999E-02
           6      100000       10000   2.05808473       1.25157833E-02   3.56245041E-02
           6      100000       10000   2.05674362       3.71193886E-03   3.64820957E-02
           6      100000       10000   2.05895066       1.82509422E-02   3.53226662E-02
           6      100000       10000   2.05707407       1.47309303E-02   3.50162983E-02
           6      100000       10000   2.05901146       2.85220146E-03   3.68196964E-02
           7      100000       10000   1.76289642       1.14321709E-03   3.62498760E-02
           7      100000       10000   1.76652956       1.34015083E-03   3.62689495E-02
           7      100000       10000   1.76441061       2.33781338E-03   3.55035067E-02
           7      100000       10000   1.75996351       7.94005394E-03   3.56274843E-02
           7      100000       10000   1.76321864       1.38549805E-02   3.66846323E-02
           8      100000       10000   1.54383540       4.11880016E-03   3.65656614E-02
           8      100000       10000   1.54425597       9.03034210E-03   3.57865095E-02
           8      100000       10000   1.54449475       1.27156973E-02   3.56272459E-02
           8      100000       10000   1.54582047       3.59237194E-03   3.55361700E-02
           8      100000       10000   1.54593801       2.43837833E-02   3.76588106E-02
           9      100000       10000   1.37392271       1.86322927E-02   3.70413065E-02
           9      100000       10000   1.37570989       3.09824944E-03   3.67374420E-02
           9      100000       10000   1.37225509       3.64828110E-03   3.66419554E-02
           9      100000       10000   1.37372708       3.18086147E-03   3.58948708E-02
           9      100000       10000   1.37281609       1.36687756E-02   3.51034403E-02
          10      100000       10000   1.23400307       1.73702240E-02   3.57667208E-02
          10      100000       10000   1.23555458       6.27768040E-03   3.48329544E-02
          10      100000       10000   1.23617613       4.69040871E-03   3.62946987E-02
          10      100000       10000   1.23621297       3.53884697E-03   3.64167690E-02
          10      100000       10000   1.23600960       1.38565302E-02   3.63378525E-02
          11      100000       10000   1.12442994       4.42528725E-03   3.82869244E-02
          11      100000       10000   1.12332356       9.58418846E-03   3.60109806E-02
          11      100000       10000   1.12567329       1.22761726E-03   3.68762016E-02
          11      100000       10000   1.12460423       1.32699013E-02   3.63929272E-02
          11      100000       10000   1.12323475       3.79526615E-03   3.66153717E-02
          12      100000       10000   1.02986932       4.36651707E-03   3.70178223E-02
          12      100000       10000   1.03122866       1.08253956E-02   3.65904570E-02
          12      100000       10000   1.02999675       1.70834064E-02   3.56448889E-02
          12      100000       10000   1.02988720       3.40355635E-02   3.62939835E-02
          12      100000       10000   1.03071237       6.72793388E-03   3.54092121E-02
          13      100000       10000  0.953454673       2.16681957E-02   3.65937352E-02
          13      100000       10000  0.956690311       1.23703480E-03   3.60760689E-02
          13      100000       10000  0.950772583       3.74279022E-02   3.62122059E-02
          13      100000       10000  0.951322377       3.92760038E-02   3.50721478E-02
          13      100000       10000  0.952378452       3.59828472E-02   3.56254578E-02
          14      100000       10000  0.883615851       4.21649218E-03   3.64141464E-02
          14      100000       10000  0.883499622       2.49049067E-02   3.63110900E-02
          14      100000       10000  0.883804679       2.01835632E-02   3.73679996E-02
          14      100000       10000  0.883922279       1.46496892E-02   3.55006456E-02
          14      100000       10000  0.886371791       7.68840313E-03   3.59339714E-02
          15      100000       10000  0.825593412       1.72907710E-02   3.65474820E-02
          15      100000       10000  0.825914860       3.32733393E-02   3.64524722E-02
          15      100000       10000  0.824390888       2.21567154E-02   3.61657143E-02
          15      100000       10000  0.824578106       1.30901933E-02   3.63264680E-02
          15      100000       10000  0.824988842       2.78434753E-02   3.61087322E-02
          16      100000       10000  0.773068666       2.65369415E-02   3.78162861E-02
          16      100000       10000  0.778176665       2.14159489E-03   3.64915133E-02
          16      100000       10000  0.774072826       2.46030092E-03   3.66406441E-02
          16      100000       10000  0.774713397       1.06406808E-02   3.57131362E-02
          16      100000       10000  0.772504270       3.85501981E-02   3.61834168E-02
          17      100000       10000  0.727905095       1.22240782E-02   3.52437496E-02
          17      100000       10000  0.727312207       2.18377113E-02   3.66914868E-02
          17      100000       10000  0.729661107       2.08290219E-02   3.56000066E-02
          17      100000       10000  0.727827132       2.17463970E-02   3.55861187E-02
          17      100000       10000  0.727083862       2.64704227E-02   3.59548926E-02
          18      100000       10000  0.687693894       8.80020857E-03   3.69017124E-02
          18      100000       10000  0.689131916       2.52420902E-02   3.75080109E-02
          18      100000       10000  0.691303015       1.38604641E-03   3.57158184E-02
          18      100000       10000  0.687946975       1.32580996E-02   3.50455046E-02
          18      100000       10000  0.687144816       1.46163106E-02   3.52365375E-02
          19      100000       10000  0.651293397       1.19584203E-02   3.59264612E-02
          19      100000       10000  0.651461303       1.39861703E-02   3.59522104E-02
          19      100000       10000  0.651246130       7.50058889E-03   3.67366076E-02
          19      100000       10000  0.650960863       1.67974830E-02   3.95827889E-02
          19      100000       10000  0.651487768       2.59993672E-02   3.58373523E-02
          20      100000       10000  0.619034827       6.23053312E-03   3.76014709E-02
          20      100000       10000  0.618372679       1.88915133E-02   3.66433263E-02
          20      100000       10000  0.619471490       5.00392914E-03   3.62799764E-02
          20      100000       10000  0.620093286       1.31314993E-03   3.66504192E-02
          20      100000       10000  0.619371772       9.68199968E-03   3.61475348E-02
          21      100000       10000  0.588911057       1.77570581E-02   3.63477468E-02
          21      100000       10000  0.589283049       1.38179064E-02   3.75465155E-02
          21      100000       10000  0.591867507       2.18504071E-02   3.60178947E-02
          21      100000       10000  0.589485049       1.30206943E-02   3.54204178E-02
          21      100000       10000  0.590784550       1.15383267E-02   3.59795094E-02
          22      100000       10000  0.563184857       2.29010582E-02   3.62666845E-02
          22      100000       10000  0.564516068       1.34652853E-03   3.64313722E-02
          22      100000       10000  0.562799156       1.01263523E-02   3.76713276E-02
          22      100000       10000  0.562893212       7.18849897E-03   3.59964371E-02
          22      100000       10000  0.563352704       9.40972567E-03   3.62119675E-02
          23      100000       10000  0.538307011       1.28293633E-02   3.59253287E-02
          23      100000       10000  0.538990974       1.68745518E-02   3.57306600E-02
          23      100000       10000  0.538645625       1.32104158E-02   3.58328819E-02
          23      100000       10000  0.540749311       1.36530995E-02   3.64962816E-02
          23      100000       10000  0.538873017       1.38496161E-02   3.52144837E-02
          24      100000       10000  0.517534137       2.57323384E-02   3.75899076E-02
          24      100000       10000  0.519007146       3.27333808E-02   3.76906395E-02
          24      100000       10000  0.516172051       1.71757936E-02   3.60828638E-02
          24      100000       10000  0.515801847       1.19085312E-02   3.51150036E-02
          24      100000       10000  0.526154101       2.37838030E-02   3.55845690E-02
